1 2
2 5
3 13
4 29
5 59
6 97
7 103
8 131
9 149
10 173
11 193
12 211
13 239
14 281
15 541
16 719
17 733
18 787
19 809
20 821
21 827
22 877
23 911
24 937
25 971
26 997
27 1021
28 1087
29 1097
30 1213
31 1283
32 1303
33 1361
34 1381
35 1409
36 1429
37 1447
38 1459
39 1499
40 1549
41 1559
42 1597
43 1607
44 1669
45 1697
46 1723
47 1759
48 1787
49 1847
50 1879
51 1973
52 1997
53 2099
54 2137
55 2161
56 2203
57 2311
58 2351
59 2383
60 2417
61 2437
62 2543
63 2657
64 2707
65 2741
66 2789
67 2819
68 2861
69 3301
70 4211
71 4337
72 4397
73 4423
74 4447
75 4507
76 4547
77 4643
78 4783
79 4793
80 4871
81 4903
82 4931
83 4969
84 4987
85 5003
86 5051
87 5081
88 5101
89 5209
90 5231
91 5273
92 5303
93 5347
94 5393
95 5419
96 5471
97 5501
98 5569
99 5639
100 5653
101 5683
102 5737
103 5783
104 5827
105 5851
106 5953
107 6007
108 6037
109 6047
110 6091
111 6133
112 6197
113 6211
114 6263
115 6311
116 6353
117 6373
118 6449
119 6521
120 6551
121 6571
122 6619
123 6679
124 6701
125 6763
126 6793
127 6863
128 6959
129 6967
130 7069
131 7187
132 7213
133 7253
134 7331
135 7417
136 7457
137 7487
138 7547
139 7591
140 7703
141 7727
142 7829
143 8081
