1 1
2 1
3 2
4 2
5 2
6 3
7 3
8 3
9 3
10 4
11 4
12 4
13 4
14 4
15 4
16 4
17 5
18 5
19 5
20 5
21 5
22 5
23 5
24 5
25 6
26 6
27 7
28 7
29 7
30 7
31 7
32 8
33 8
34 8
35 9
36 9
37 9
38 9
39 9
40 10
41 10
42 10
43 10
44 11
45 11
46 11
47 12
48 12
49 12
50 12
51 12
52 13
53 13
54 13
55 13
56 13
57 13
58 13
59 13
60 14
61 14
62 14
63 14
64 14
65 14
66 14
67 14
68 14
69 14
70 14
71 14
72 14
73 14
74 14
75 14
76 14
77 14
78 14
79 14
80 14
81 14
82 14
83 14
84 14
85 14
86 14
87 14
88 14
89 14
90 14
91 14
92 14
93 14
94 14
95 14
96 14
97 14
98 14
99 14
100 15
101 15
102 15
103 15
104 15
105 15
106 15
107 15
108 15
109 15
110 15
111 15
112 15
113 15
114 15
115 15
116 15
117 15
118 15
119 15
120 15
121 15
122 15
123 15
124 15
125 15
126 15
127 15
128 16
129 16
130 17
131 17
132 17
133 17
134 17
135 17
136 17
137 17
138 18
139 18
140 19
141 19
142 20
143 20
144 21
145 21
146 21
147 21
148 21
149 21
150 21
151 22
152 22
153 22
154 22
155 22
156 23
157 23
158 23
159 24
160 24
161 24
162 24
163 24
164 25
165 25
166 25
167 25
168 26
169 26
170 26
171 26
172 27
173 27
174 27
175 27
176 27
177 27
178 27
179 27
180 27
181 28
182 28
183 28
184 29
185 29
186 29
187 29
188 29
189 29
190 29
191 29
192 29
193 29
194 29
195 29
196 29
197 29
198 30
199 30
200 30
201 30
202 30
203 30
204 30
205 30
206 30
207 30
208 31
209 31
210 31
211 31
212 31
213 32
214 32
215 32
216 32
217 32
218 33
219 33
220 33
221 34
222 34
223 35
224 35
225 35
226 36
227 36
228 36
229 37
230 37
231 37
232 38
233 38
234 38
235 38
236 38
237 38
238 38
239 39
240 39
241 39
242 39
243 39
244 40
245 40
246 41
247 41
248 41
249 41
250 41
251 42
252 42
253 43
254 43
255 43
256 43
257 43
258 43
259 43
260 43
261 43
262 43
263 44
264 44
265 45
266 45
267 45
268 45
269 46
270 46
271 46
272 46
273 46
274 47
275 47
276 47
277 48
278 48
279 48
280 48
281 48
282 48
283 49
284 49
285 49
286 49
287 49
288 49
289 50
290 50
291 50
292 50
293 50
294 50
295 50
296 50
297 50
298 51
299 51
300 51
301 51
302 52
303 52
304 52
305 52
306 52
307 52
308 52
309 52
310 52
311 52
312 52
313 52
314 52
315 52
316 52
317 53
318 53
319 53
320 53
321 53
322 54
323 54
324 54
325 54
326 55
327 55
328 56
329 56
330 56
331 56
332 56
333 56
334 56
335 56
336 56
337 56
338 56
339 56
340 56
341 56
342 56
343 56
344 57
345 57
346 57
347 57
348 57
349 58
350 58
351 58
352 58
353 58
354 59
355 59
356 59
357 59
358 59
359 60
360 60
361 61
362 61
363 61
364 61
365 61
366 61
367 61
368 61
369 61
370 61
371 61
372 62
373 62
374 62
375 62
376 62
377 62
378 62
379 62
380 62
381 62
382 62
383 62
384 63
385 63
386 63
387 63
388 63
389 63
390 63
391 63
392 63
393 63
394 64
395 64
396 64
397 64
398 64
399 64
400 65
401 65
402 65
403 65
404 65
405 66
406 66
407 66
408 66
409 66
410 67
411 67
412 67
413 67
414 67
415 67
416 68
417 68
418 68
419 68
420 68
421 68
422 68
423 68
424 68
425 68
426 68
427 68
428 68
429 68
430 68
431 68
432 68
433 68
434 68
435 68
436 68
437 68
438 68
439 68
440 68
441 68
442 68
443 68
444 68
445 68
446 68
447 68
448 68
449 68
450 68
451 68
452 68
453 68
454 68
455 68
456 68
457 68
458 68
459 68
460 68
461 68
462 68
463 68
464 69
465 69
466 69
467 69
468 69
469 69
470 69
471 69
472 69
473 69
474 69
475 69
476 69
477 69
478 69
479 69
480 69
481 69
482 69
483 69
484 69
485 69
486 69
487 69
488 69
489 69
490 69
491 69
492 69
493 69
494 69
495 69
496 69
497 69
498 69
499 69
500 69
501 69
502 69
503 69
504 69
505 69
506 69
507 69
508 69
509 69
510 69
511 69
512 69
513 69
514 69
515 69
516 69
517 69
518 69
519 69
520 69
521 69
522 69
523 69
524 69
525 69
526 69
527 69
528 69
529 69
530 69
531 69
532 69
533 69
534 69
535 69
536 69
537 69
538 69
539 69
540 69
541 69
542 69
543 69
544 69
545 69
546 69
547 69
548 69
549 69
550 69
551 69
552 69
553 69
554 69
555 69
556 69
557 69
558 69
559 69
560 69
561 69
562 69
563 69
564 69
565 69
566 69
567 69
568 69
569 69
570 69
571 69
572 69
573 69
574 69
575 69
576 70
577 70
578 70
579 70
580 70
581 70
582 70
583 70
584 70
585 70
586 70
587 70
588 70
589 70
590 70
591 70
592 71
593 71
594 71
595 71
596 71
597 71
598 71
599 72
600 72
601 72
602 73
603 73
604 74
605 74
606 74
607 74
608 74
609 74
610 74
611 75
612 75
613 75
614 75
615 75
616 76
617 76
618 76
619 76
620 76
621 76
622 76
623 76
624 76
625 76
626 76
627 77
628 77
629 77
630 77
631 77
632 77
633 77
634 77
635 77
636 77
637 77
638 77
639 77
640 77
641 77
642 78
643 78
644 78
645 79
646 79
647 79
648 79
649 79
650 79
651 79
652 80
653 80
654 80
655 81
656 81
657 81
658 82
659 82
660 82
661 82
662 82
663 82
664 82
665 83
666 83
667 84
668 84
669 84
670 85
671 85
672 85
673 85
674 85
675 85
676 86
677 86
678 86
679 87
680 87
681 87
682 88
683 88
684 88
685 88
686 88
687 88
688 88
689 88
690 88
691 88
692 88
693 89
694 89
695 90
696 90
697 90
698 90
699 91
700 91
701 91
702 91
703 92
704 92
705 92
706 92
707 93
708 93
709 93
710 93
711 94
712 94
713 94
714 94
715 94
716 95
717 95
718 95
719 95
720 95
721 95
722 96
723 96
724 96
725 96
726 97
727 97
728 97
729 97
730 97
731 97
732 97
733 97
734 97
735 98
736 98
737 98
738 98
739 98
740 99
741 99
742 99
743 99
744 100
745 100
746 100
747 100
748 101
749 101
750 101
751 101
752 101
753 101
754 102
755 102
756 102
757 102
758 102
759 103
760 103
761 103
762 103
763 103
764 103
765 104
766 104
767 104
768 104
769 105
770 105
771 105
772 105
773 105
774 105
775 105
776 105
777 105
778 105
779 105
780 105
781 106
782 106
783 106
784 107
785 107
786 107
787 108
788 108
789 109
790 109
791 109
792 109
793 109
794 109
795 110
796 110
797 110
798 110
799 110
800 111
801 111
802 111
803 111
804 111
805 112
806 112
807 112
808 113
809 113
810 113
811 113
812 113
813 113
814 114
815 114
816 114
817 114
818 114
819 114
820 114
821 115
822 115
823 115
824 115
825 115
826 115
827 116
828 116
829 116
830 116
831 117
832 117
833 117
834 117
835 117
836 117
837 118
838 118
839 118
840 118
841 118
842 118
843 119
844 119
845 119
846 120
847 120
848 120
849 120
850 121
851 121
852 121
853 121
854 121
855 122
856 122
857 122
858 122
859 122
860 122
861 123
862 123
863 123
864 124
865 124
866 124
867 124
868 124
869 124
870 124
871 125
872 125
873 125
874 125
875 126
876 126
877 126
878 126
879 126
880 126
881 126
882 126
883 127
884 127
885 127
886 127
887 127
888 127
889 127
890 127
891 127
892 127
893 128
894 128
895 129
896 129
897 129
898 129
899 129
900 129
901 129
902 129
903 129
904 129
905 129
906 129
907 129
908 130
909 130
910 130
911 130
912 130
913 130
914 130
915 130
916 130
917 130
918 131
919 131
920 131
921 131
922 132
923 132
924 132
925 132
926 132
927 132
928 133
929 133
930 133
931 133
932 133
933 133
934 134
935 134
936 134
937 134
938 134
939 134
940 134
941 135
942 135
943 135
944 136
945 136
946 136
947 136
948 137
949 137
950 137
951 137
952 137
953 137
954 137
955 137
956 137
957 138
958 138
959 138
960 138
961 138
962 138
963 138
964 138
965 139
966 139
967 139
968 139
969 139
970 139
971 139
972 139
973 139
974 139
975 139
976 139
977 139
978 140
979 140
980 140
981 141
982 141
983 141
984 141
985 141
986 141
987 141
988 141
989 141
990 142
991 142
992 142
993 142
994 142
995 142
996 142
997 142
998 142
999 142
1000 142
1001 142
1002 142
1003 142
1004 142
1005 142
1006 142
1007 142
1008 142
1009 142
1010 142
1011 142
1012 142
1013 142
1014 142
1015 143
1016 143
1017 143
1018 143
1019 143
1020 143
1021 143
1022 143
1023 143
1024 143
1025 143
1026 143
1027 143
1028 143
1029 143
1030 143
1031 143
1032 143
1033 143
1034 143
1035 143
1036 143
1037 143
1038 143
1039 143
1040 143
1041 143
1042 143
1043 143
1044 143
1045 143
1046 143
1047 143
1048 143
1049 143
1050 143
1051 143
1052 143
1053 143
1054 143
1055 143
1056 143
1057 143
1058 143
1059 143
1060 143
1061 143
1062 143
1063 144
1064 144
1065 144
1066 144
1067 144
1068 144
1069 144
1070 144
1071 144
1072 144
1073 144
1074 144
1075 144
1076 144
1077 144
1078 144
1079 145
1080 145
1081 145
1082 145
1083 145
1084 145
1085 145
1086 145
1087 145
1088 145
1089 145
1090 145
1091 145
1092 145
1093 145
1094 145
1095 145
1096 145
1097 145
1098 145
1099 145
1100 145
1101 145
1102 145
1103 145
1104 145
1105 145
1106 145
1107 145
1108 145
1109 145
1110 145
1111 145
1112 145
1113 145
1114 145
1115 145
1116 145
1117 145
1118 145
1119 145
1120 145
1121 145
1122 145
1123 145
1124 145
1125 145
1126 145
1127 145
1128 145
1129 145
1130 145
1131 145
1132 145
1133 145
1134 145
1135 145
1136 145
1137 145
1138 145
1139 145
1140 145
1141 145
1142 145
1143 145
1144 145
1145 145
1146 145
1147 145
1148 145
1149 145
1150 145
1151 145
1152 145
1153 145
1154 145
1155 145
1156 145
1157 145
1158 145
1159 145
1160 145
1161 145
1162 145
1163 145
1164 145
1165 145
1166 145
1167 145
1168 145
1169 145
1170 145
1171 145
1172 145
1173 145
1174 145
1175 145
1176 145
1177 145
1178 145
1179 145
1180 145
1181 145
1182 145
1183 145
1184 145
1185 145
1186 145
1187 145
1188 145
1189 145
1190 145
1191 145
1192 145
1193 145
1194 145
1195 145
1196 145
1197 145
1198 145
1199 145
1200 145
1201 145
1202 145
1203 145
1204 145
1205 145
1206 145
1207 145
1208 145
1209 145
1210 145
1211 145
1212 145
1213 145
1214 145
1215 145
1216 145
1217 145
1218 145
1219 145
1220 145
1221 145
1222 145
1223 145
1224 145
1225 145
1226 145
1227 145
1228 145
1229 145
1230 145
1231 145
1232 145
1233 145
1234 145
1235 145
1236 145
1237 145
1238 145
1239 145
1240 145
1241 145
1242 145
1243 145
1244 145
1245 145
1246 145
1247 145
1248 145
1249 145
1250 145
1251 145
1252 145
1253 145
1254 145
1255 145
1256 145
1257 145
1258 145
1259 145
1260 145
1261 145
1262 145
1263 145
1264 145
1265 145
1266 145
1267 145
1268 145
1269 145
1270 145
1271 145
1272 145
1273 145
1274 145
1275 145
1276 145
1277 145
1278 145
1279 145
1280 145
1281 145
1282 145
1283 145
1284 145
1285 145
1286 145
1287 145
1288 145
1289 145
1290 145
1291 145
1292 145
1293 145
1294 145
1295 145
1296 145
1297 145
1298 145
1299 145
1300 145
1301 145
1302 145
1303 145
1304 145
1305 145
1306 145
1307 145
1308 145
1309 145
1310 145
1311 145
1312 145
1313 145
1314 145
1315 145
1316 146
1317 146
1318 146
1319 147
1320 147
1321 147
1322 147
1323 147
1324 147
1325 148
1326 148
1327 148
1328 148
1329 148
1330 148
1331 148
1332 148
1333 148
1334 149
1335 149
1336 149
1337 149
1338 150
1339 150
1340 151
1341 151
1342 151
1343 151
1344 151
1345 151
1346 152
1347 152
1348 152
1349 152
1350 152
1351 152
1352 152
1353 152
1354 152
1355 152
1356 152
1357 152
1358 152
1359 153
1360 153
1361 153
1362 153
1363 153
1364 153
1365 153
1366 153
1367 153
1368 153
1369 153
1370 153
1371 153
1372 153
1373 153
1374 154
1375 154
1376 155
1377 155
1378 155
1379 156
1380 156
1381 156
1382 156
1383 157
1384 157
1385 157
1386 157
1387 157
1388 157
1389 157
1390 158
1391 158
1392 159
1393 159
1394 159
1395 159
1396 160
1397 160
1398 160
1399 160
1400 160
1401 161
1402 161
1403 161
1404 162
1405 162
1406 162
1407 162
1408 162
1409 162
1410 162
1411 162
1412 163
1413 163
1414 163
1415 163
1416 163
1417 163
1418 163
1419 163
1420 163
1421 164
1422 164
1423 164
1424 164
1425 164
1426 164
1427 164
1428 164
1429 164
1430 164
1431 164
1432 164
1433 165
1434 165
1435 165
1436 166
1437 166
1438 166
1439 167
1440 167
1441 168
1442 168
1443 168
1444 168
1445 169
1446 169
1447 169
1448 169
1449 170
1450 170
1451 170
1452 171
1453 171
1454 171
1455 172
1456 172
1457 172
1458 172
1459 173
1460 173
1461 173
1462 173
1463 173
1464 173
1465 173
1466 174
1467 174
1468 174
1469 174
1470 175
1471 175
1472 175
1473 176
1474 176
1475 176
1476 176
1477 176
1478 176
1479 176
1480 177
1481 177
1482 177
1483 177
1484 178
1485 178
1486 178
1487 178
1488 178
1489 179
1490 179
1491 179
1492 179
1493 179
1494 180
1495 180
1496 180
1497 180
1498 180
1499 180
1500 180
1501 180
1502 180
1503 180
1504 180
1505 180
1506 180
1507 181
1508 181
1509 181
1510 181
1511 182
1512 182
1513 182
1514 182
1515 182
1516 182
1517 183
1518 183
1519 183
1520 183
1521 183
1522 183
1523 183
1524 183
1525 183
1526 184
1527 184
1528 184
1529 184
1530 184
1531 184
1532 184
1533 184
1534 185
1535 185
1536 186
1537 186
1538 186
1539 186
1540 186
1541 186
1542 186
1543 186
1544 186
1545 186
1546 186
1547 187
1548 187
1549 187
1550 187
1551 187
1552 187
1553 187
1554 187
1555 187
1556 187
1557 187
1558 187
1559 187
1560 187
1561 187
1562 187
1563 187
1564 187
1565 187
1566 187
1567 187
1568 187
1569 187
1570 187
1571 187
1572 188
1573 188
1574 188
1575 188
1576 188
1577 188
1578 188
1579 189
1580 189
1581 189
1582 189
1583 189
1584 189
1585 189
1586 190
1587 190
1588 191
1589 191
1590 191
1591 191
1592 191
1593 192
1594 192
1595 192
1596 192
1597 193
1598 193
1599 193
1600 193
1601 193
1602 193
1603 193
1604 194
1605 194
1606 194
1607 195
1608 195
1609 195
1610 195
1611 195
1612 196
1613 196
1614 196
1615 196
1616 197
1617 197
1618 197
1619 197
1620 197
1621 197
1622 198
1623 198
1624 198
1625 198
1626 198
1627 198
1628 199
1629 199
1630 199
1631 199
1632 199
1633 199
1634 200
1635 200
1636 200
1637 200
1638 201
1639 201
1640 201
1641 201
1642 202
1643 202
1644 202
1645 202
1646 203
1647 203
1648 203
1649 203
1650 203
1651 203
1652 203
1653 203
1654 204
1655 204
1656 204
1657 204
1658 205
1659 205
1660 205
1661 205
1662 205
1663 206
1664 206
1665 206
1666 207
1667 207
1668 207
1669 208
1670 208
1671 208
1672 208
1673 208
1674 209
1675 209
1676 209
1677 209
1678 209
1679 210
1680 210
1681 210
1682 210
1683 210
1684 210
1685 210
1686 210
1687 210
1688 210
1689 210
1690 210
1691 210
1692 210
1693 210
1694 210
1695 210
1696 210
1697 211
1698 211
1699 211
1700 211
1701 211
1702 211
1703 211
1704 211
1705 211
1706 211
1707 211
1708 212
1709 212
1710 212
1711 212
1712 212
1713 212
1714 212
1715 212
1716 212
1717 212
1718 212
1719 212
1720 212
1721 212
1722 212
1723 212
1724 212
1725 212
1726 212
1727 212
1728 212
1729 213
1730 213
1731 213
1732 213
1733 214
1734 214
1735 214
1736 214
1737 214
1738 215
1739 215
1740 215
1741 215
1742 215
1743 215
1744 215
1745 216
1746 216
1747 216
1748 217
1749 217
1750 217
1751 217
1752 218
1753 218
1754 218
1755 219
1756 219
1757 219
1758 219
1759 219
1760 219
1761 219
1762 219
1763 219
1764 219
1765 220
1766 220
1767 220
1768 220
1769 220
1770 220
1771 221
1772 221
1773 221
1774 221
1775 221
1776 221
1777 221
1778 221
1779 221
1780 221
1781 221
1782 221
1783 222
1784 222
1785 222
1786 222
1787 222
1788 222
1789 222
1790 222
1791 223
1792 223
1793 223
1794 223
1795 223
1796 224
1797 224
1798 225
1799 225
1800 225
1801 225
1802 226
1803 226
1804 226
1805 227
1806 227
1807 227
1808 227
1809 228
1810 228
1811 229
1812 229
1813 229
1814 229
